GAMS 33.2.0  r4f23b21 Released Dec  1, 2020 WEX-WEI x86 64bit/MS Windows - 12/28/20 20:09:55 Page 1
G e n e r a l   A l g e b r a i c   M o d e l i n g   S y s t e m
C o m p i l a t i o n


   1  Sets
   2  i village / 1 * 30 /
   3  j gift center / 1 * 30 /
   4  ;
   5   
   6  Table d(i,j) distance table
   8  ,1,2,3,4,5,6,7,8,9,10,11,12,13,14,15,16,17,18,19,20,21,22,23,24,25,26,27,28,29,30
   9  1,0,32,72,55.5,70,86.5,53.5,50.5,44.5,40,36,67,73,65,50,52.5,73.5,84,89,57.5,31.5,41,69.5,74,60.5,62,87,91,59.5,41.5
  10  2,32,0,71.5,47,71,80,48,51.5,61.5,47,60.5,70,58,43.5,75.5,44,64,56.5,47.5,85,66,67.5,70.5,45.5,61.5,88.5,69,65.5,51.5,32
  11  3,72,71.5,0,41,45.5,59,52.5,64,50,60.5,75.5,49,46,94.5,44.5,45.5,78,60,65,83.5,50.5,55.5,66.5,48.5,49.5,54,80,56,54.5,32
  12  4,55.5,47,41,0,44.5,73,46,97,65,51,84,48.5,41.5,82,48.5,63.5,65,42.5,64,39.5,44.5,40.5,31.5,49.5,98.5,58.5,70.5,95,59,64
  13  5,70,71,45.5,44.5,0,45.5,69.5,88,84.5,65.5,92,79.5,69,61.5,73,56.5,91,47.5,33.5,28,56,57.5,58.5,56,71.5,75,93,62,43.5,66.5
  14  6,86.5,80,59,73,45.5,0,64,73.5,75.5,73.5,63,58.5,67.5,36.5,50,61,58,50.5,88,49,96,47.5,69,59,76,90,26.5,46.5,55.5,64.5
  15  7,53.5,48,52.5,46,69.5,64,0,25.5,56,31.5,74,54,36,44,33.5,62.5,61.5,37,52,58,54,34.5,50,64,81,46.5,56.5,75.5,64.5,60.5
  16  8,50.5,51.5,64,97,88,73.5,25.5,0,45,54,86,55,44.5,56,38.5,76,74.5,74.5,89,68.5,79.5,53.5,71.5,61,34.5,70.5,88,76.5,34,61.5
  17  9,44.5,61.5,50,65,84.5,75.5,56,45,0,91,68.5,47.5,33,65.5,48,66.5,86,58,78.5,63.5,41,57,57.5,69,49.5,73.5,31,51.5,57,54.5
  18  10,40,47,60.5,51,65.5,73.5,31.5,54,91,0,71,84,51,58,43,81,72.5,53.5,56,74,79,62,93.5,50.5,63.5,34,95.5,65,45,60
  19  11,36,60.5,75.5,84,92,63,74,86,68.5,71,0,64,70,69.5,58,81,75,77,29,40,35.5,79,79,90,70.5,85,83.5,47,54.5,68.5
  20  12,67,70,49,48.5,79.5,58.5,54,55,47.5,84,64,0,35,79.5,83,51.5,57.5,76,38,58,71,79,86,54,51,63.5,72,51,81,56
  21  13,73,58,46,41.5,69,67.5,36,44.5,33,51,70,35,0,70.5,72.5,51.5,94.5,31.5,77.5,61.5,50,55.5,72,44,37.5,39,63.5,45.5,75.5,77
  22  14,65,43.5,94.5,82,61.5,36.5,44,56,65.5,58,69.5,79.5,70.5,0,45,77,26,96.5,82,40,57.5,60,54,70,39.5,55.5,55,82,66,56
  23  15,50,75.5,44.5,48.5,73,50,33.5,38.5,48,43,58,83,72.5,45,0,79.5,80,79,75.5,63,71,70.5,61.5,52.5,59.5,73,45.5,84.5,92.5,56.5
  24  16,52.5,44,45.5,63.5,56.5,61,62.5,76,66.5,81,81,51.5,51.5,77,79.5,0,63.5,41,50.5,52.5,68,31,56.5,61,62.5,58,68.5,68.5,70.5,70
  25  17,73.5,64,78,65,91,58,61.5,74.5,86,72.5,75,57.5,94.5,26,80,63.5,0,54,71,57,56,33.5,40,52,81,55.5,48.5,47,55.5,49
  26  18,84,56.5,60,42.5,47.5,50.5,37,74.5,58,53.5,77,76,31.5,96.5,79,41,54,0,67,54.5,47.5,23,73,54,84,68.5,88.5,65,87.5,34.5
  27  19,89,47.5,65,64,33.5,88,52,89,78.5,56,29,38,77.5,82,75.5,50.5,71,67,0,44,60.5,93.5,32.5,74,45,28.5,26,34.5,81.5,74
  28  20,57.5,85,83.5,39.5,28,49,58,68.5,63.5,74,40,58,61.5,40,63,52.5,57,54.5,44,0,73.5,68.5,29,76.5,91,75,70.5,51,69.5,82
  29  21,31.5,66,50.5,44.5,56,96,54,79.5,41,79,35.5,71,50,57.5,71,68,56,47.5,60.5,73.5,0,58,59.5,59,58.5,73,57.5,62,68,48
  30  22,41,67.5,55.5,40.5,57.5,47.5,34.5,53.5,57,62,79,79,55.5,60,70.5,31,33.5,23,93.5,68.5,58,0,83,42,81.5,73.5,59,69.5,71,34.5
  31  23,69.5,70.5,66.5,31.5,58.5,69,50,71.5,57.5,93.5,79,86,72,54,61.5,56.5,40,73,32.5,29,59.5,83,0,64,47.5,62.5,67.5,74.5,76.5,55
  32  24,74,45.5,48.5,49.5,56,59,64,61,69,50.5,90,54,44,70,52.5,61,52,54,74,76.5,59,42,64,0,82,84,51,69,48.5,65.5
  33  25,60.5,61.5,49.5,98.5,71.5,76,81,34.5,49.5,63.5,70.5,51,37.5,39.5,59.5,62.5,81,84,45,91,58.5,81.5,47.5,82,0,54.5,48.5,27,66.5,55
  34  26,62,88.5,54,58.5,75,90,46.5,70.5,73.5,34,85,63.5,39,55.5,73,58,55.5,68.5,28.5,75,73,73.5,62.5,84,54.5,0,38.5,59.5,78,58
  35  27,87,69,80,70.5,93,26.5,56.5,88,31,95.5,83.5,72,63.5,55,45.5,68.5,48.5,88.5,26,70.5,57.5,59,67.5,51,48.5,38.5,0,60.5,92,46.5
  36  28,91,65.5,56,95,62,46.5,75.5,76.5,51.5,65,47,51,45.5,82,84.5,68.5,47,65,34.5,51,62,69.5,74.5,69,27,59.5,60.5,0,56,67
  37  29,59.5,51.5,54.5,59,43.5,55.5,64.5,34,57,45,54.5,81,75.5,66,92.5,70.5,55.5,87.5,81.5,69.5,68,71,76.5,48.5,66.5,78,92,56,0,52.5
  38  30,41.5,32,32,64,66.5,64.5,60.5,61.5,54.5,60,68.5,56,77,56,56.5,70,49,34.5,74,82,48,34.5,55,65.5,55,58,46.5,67,52.5,0
  40  ;
  41   
  42  Binary Variables
  43  y(i,j) if village i assgined to gift center j
  44  x(j) if the gift center is at village j
  45  ;
  46   
  47  Free Variables
  48  t
  49  ;
  50   
  51  Equations
  52  eq1(i), eq2(i, j), eq3(i), eq4
  53  ;
  54   
  55  eq1(i) .. sum(j, y(i, j)) =e= 1;
  56  eq2(i, j) .. y(i, j) =l= x(j);
  57  eq3(i) .. sum(j, d(i, j) * y(i, j)) =l= t;
  58  eq4 .. sum(j, x(j)) =e= 4;
  59   
  60  Model part_a /all/;
  61  Solve part_a using MIP minimizing t;
  62  Display x.l;
  63   
  64   
  65   
  66   
  67   
  68   
  69   
  70   
  71   
  72   
  73   
  74   
  75   
  76   
  77   
  78   
  79   
  80   
  81   
  82   
  83   
  84   
  85   
  86   
  87   
  88   
  89   
  90   
  91   


COMPILATION TIME     =        0.000 SECONDS      3 MB  33.2.0 r4f23b21 WEX-WEI
GAMS 33.2.0  r4f23b21 Released Dec  1, 2020 WEX-WEI x86 64bit/MS Windows - 12/28/20 20:09:55 Page 2
G e n e r a l   A l g e b r a i c   M o d e l i n g   S y s t e m
Equation Listing    SOLVE part_a Using MIP From line 61


---- eq1  =E=  

eq1(1)..  y(1,1) + y(1,2) + y(1,3) + y(1,4) + y(1,5) + y(1,6) + y(1,7) + y(1,8) + y(1,9) + y(1,10) + y(1,11) + y(1,12) + y(1,13) + y(1,14) + y(1,15) + y(1,16) + y(1,17) + y(1,18) + y(1,19) + y(1,20) + y(1,21) + y(1,22) + y(1,23) + y(1,24) + y(1,25) + y(1,26) + y(1,27) + y(1,28) + y(1,29) + y(1,30) =E= 1 ; (LHS = 0, INFES = 1 ****)
     
eq1(2)..  y(2,1) + y(2,2) + y(2,3) + y(2,4) + y(2,5) + y(2,6) + y(2,7) + y(2,8) + y(2,9) + y(2,10) + y(2,11) + y(2,12) + y(2,13) + y(2,14) + y(2,15) + y(2,16) + y(2,17) + y(2,18) + y(2,19) + y(2,20) + y(2,21) + y(2,22) + y(2,23) + y(2,24) + y(2,25) + y(2,26) + y(2,27) + y(2,28) + y(2,29) + y(2,30) =E= 1 ; (LHS = 0, INFES = 1 ****)
     
eq1(3)..  y(3,1) + y(3,2) + y(3,3) + y(3,4) + y(3,5) + y(3,6) + y(3,7) + y(3,8) + y(3,9) + y(3,10) + y(3,11) + y(3,12) + y(3,13) + y(3,14) + y(3,15) + y(3,16) + y(3,17) + y(3,18) + y(3,19) + y(3,20) + y(3,21) + y(3,22) + y(3,23) + y(3,24) + y(3,25) + y(3,26) + y(3,27) + y(3,28) + y(3,29) + y(3,30) =E= 1 ; (LHS = 0, INFES = 1 ****)
     
REMAINING 27 ENTRIES SKIPPED


---- eq2  =L=  

eq2(1,1)..  y(1,1) - x(1) =L= 0 ; (LHS = 0)
     
eq2(1,2)..  y(1,2) - x(2) =L= 0 ; (LHS = 0)
     
eq2(1,3)..  y(1,3) - x(3) =L= 0 ; (LHS = 0)
     
REMAINING 897 ENTRIES SKIPPED


---- eq3  =L=  

eq3(1)..  32*y(1,2) + 72*y(1,3) + 55.5*y(1,4) + 70*y(1,5) + 86.5*y(1,6) + 53.5*y(1,7) + 50.5*y(1,8) + 44.5*y(1,9) + 40*y(1,10) + 36*y(1,11) + 67*y(1,12) + 73*y(1,13) + 65*y(1,14) + 50*y(1,15) + 52.5*y(1,16) + 73.5*y(1,17) + 84*y(1,18) + 89*y(1,19) + 57.5*y(1,20) + 31.5*y(1,21) + 41*y(1,22) + 69.5*y(1,23) + 74*y(1,24) + 60.5*y(1,25) + 62*y(1,26) + 87*y(1,27) + 91*y(1,28) + 59.5*y(1,29) + 41.5*y(1,30) - t =L= 0 ; (LHS = 0)
     
eq3(2)..  32*y(2,1) + 71.5*y(2,3) + 47*y(2,4) + 71*y(2,5) + 80*y(2,6) + 48*y(2,7) + 51.5*y(2,8) + 61.5*y(2,9) + 47*y(2,10) + 60.5*y(2,11) + 70*y(2,12) + 58*y(2,13) + 43.5*y(2,14) + 75.5*y(2,15) + 44*y(2,16) + 64*y(2,17) + 56.5*y(2,18) + 47.5*y(2,19) + 85*y(2,20) + 66*y(2,21) + 67.5*y(2,22) + 70.5*y(2,23) + 45.5*y(2,24) + 61.5*y(2,25) + 88.5*y(2,26) + 69*y(2,27) + 65.5*y(2,28) + 51.5*y(2,29) + 32*y(2,30) - t =L= 0 ; (LHS = 0)
     
eq3(3)..  72*y(3,1) + 71.5*y(3,2) + 41*y(3,4) + 45.5*y(3,5) + 59*y(3,6) + 52.5*y(3,7) + 64*y(3,8) + 50*y(3,9) + 60.5*y(3,10) + 75.5*y(3,11) + 49*y(3,12) + 46*y(3,13) + 94.5*y(3,14) + 44.5*y(3,15) + 45.5*y(3,16) + 78*y(3,17) + 60*y(3,18) + 65*y(3,19) + 83.5*y(3,20) + 50.5*y(3,21) + 55.5*y(3,22) + 66.5*y(3,23) + 48.5*y(3,24) + 49.5*y(3,25) + 54*y(3,26) + 80*y(3,27) + 56*y(3,28) + 54.5*y(3,29) + 32*y(3,30) - t =L= 0 ; (LHS = 0)
     
REMAINING 27 ENTRIES SKIPPED


---- eq4  =E=  

eq4..  x(1) + x(2) + x(3) + x(4) + x(5) + x(6) + x(7) + x(8) + x(9) + x(10) + x(11) + x(12) + x(13) + x(14) + x(15) + x(16) + x(17) + x(18) + x(19) + x(20) + x(21) + x(22) + x(23) + x(24) + x(25) + x(26) + x(27) + x(28) + x(29) + x(30) =E= 4 ; (LHS = 0, INFES = 4 ****)
     
GAMS 33.2.0  r4f23b21 Released Dec  1, 2020 WEX-WEI x86 64bit/MS Windows - 12/28/20 20:09:55 Page 3
G e n e r a l   A l g e b r a i c   M o d e l i n g   S y s t e m
Column Listing      SOLVE part_a Using MIP From line 61


---- y  if village i assgined to gift center j

y(1,1)
                (.LO, .L, .UP, .M = 0, 0, 1, 0)
        1       eq1(1)
        1       eq2(1,1)

y(1,2)
                (.LO, .L, .UP, .M = 0, 0, 1, 0)
        1       eq1(1)
        1       eq2(1,2)
       32       eq3(1)

y(1,3)
                (.LO, .L, .UP, .M = 0, 0, 1, 0)
        1       eq1(1)
        1       eq2(1,3)
       72       eq3(1)

REMAINING 897 ENTRIES SKIPPED

---- x  if the gift center is at village j

x(1)
                (.LO, .L, .UP, .M = 0, 0, 1, 0)
       -1       eq2(1,1)
       -1       eq2(2,1)
       -1       eq2(3,1)
       -1       eq2(4,1)
       -1       eq2(5,1)
       -1       eq2(6,1)
       -1       eq2(7,1)
       -1       eq2(8,1)
       -1       eq2(9,1)
       -1       eq2(10,1)
       -1       eq2(11,1)
       -1       eq2(12,1)
       -1       eq2(13,1)
       -1       eq2(14,1)
       -1       eq2(15,1)
       -1       eq2(16,1)
       -1       eq2(17,1)
       -1       eq2(18,1)
       -1       eq2(19,1)
       -1       eq2(20,1)
       -1       eq2(21,1)
       -1       eq2(22,1)
       -1       eq2(23,1)
       -1       eq2(24,1)
       -1       eq2(25,1)
       -1       eq2(26,1)
       -1       eq2(27,1)
       -1       eq2(28,1)
       -1       eq2(29,1)
       -1       eq2(30,1)
        1       eq4

x(2)
                (.LO, .L, .UP, .M = 0, 0, 1, 0)
       -1       eq2(1,2)
       -1       eq2(2,2)
       -1       eq2(3,2)
       -1       eq2(4,2)
       -1       eq2(5,2)
       -1       eq2(6,2)
       -1       eq2(7,2)
       -1       eq2(8,2)
       -1       eq2(9,2)
       -1       eq2(10,2)
       -1       eq2(11,2)
       -1       eq2(12,2)
       -1       eq2(13,2)
       -1       eq2(14,2)
       -1       eq2(15,2)
       -1       eq2(16,2)
       -1       eq2(17,2)
       -1       eq2(18,2)
       -1       eq2(19,2)
       -1       eq2(20,2)
       -1       eq2(21,2)
       -1       eq2(22,2)
       -1       eq2(23,2)
       -1       eq2(24,2)
       -1       eq2(25,2)
       -1       eq2(26,2)
       -1       eq2(27,2)
       -1       eq2(28,2)
       -1       eq2(29,2)
       -1       eq2(30,2)
        1       eq4

x(3)
                (.LO, .L, .UP, .M = 0, 0, 1, 0)
       -1       eq2(1,3)
       -1       eq2(2,3)
       -1       eq2(3,3)
       -1       eq2(4,3)
       -1       eq2(5,3)
       -1       eq2(6,3)
       -1       eq2(7,3)
       -1       eq2(8,3)
       -1       eq2(9,3)
       -1       eq2(10,3)
       -1       eq2(11,3)
       -1       eq2(12,3)
       -1       eq2(13,3)
       -1       eq2(14,3)
       -1       eq2(15,3)
       -1       eq2(16,3)
       -1       eq2(17,3)
       -1       eq2(18,3)
       -1       eq2(19,3)
       -1       eq2(20,3)
       -1       eq2(21,3)
       -1       eq2(22,3)
       -1       eq2(23,3)
       -1       eq2(24,3)
       -1       eq2(25,3)
       -1       eq2(26,3)
       -1       eq2(27,3)
       -1       eq2(28,3)
       -1       eq2(29,3)
       -1       eq2(30,3)
        1       eq4

REMAINING 27 ENTRIES SKIPPED

---- t  

t
                (.LO, .L, .UP, .M = -INF, 0, +INF, 0)
       -1       eq3(1)
       -1       eq3(2)
       -1       eq3(3)
       -1       eq3(4)
       -1       eq3(5)
       -1       eq3(6)
       -1       eq3(7)
       -1       eq3(8)
       -1       eq3(9)
       -1       eq3(10)
       -1       eq3(11)
       -1       eq3(12)
       -1       eq3(13)
       -1       eq3(14)
       -1       eq3(15)
       -1       eq3(16)
       -1       eq3(17)
       -1       eq3(18)
       -1       eq3(19)
       -1       eq3(20)
       -1       eq3(21)
       -1       eq3(22)
       -1       eq3(23)
       -1       eq3(24)
       -1       eq3(25)
       -1       eq3(26)
       -1       eq3(27)
       -1       eq3(28)
       -1       eq3(29)
       -1       eq3(30)

GAMS 33.2.0  r4f23b21 Released Dec  1, 2020 WEX-WEI x86 64bit/MS Windows - 12/28/20 20:09:55 Page 4
G e n e r a l   A l g e b r a i c   M o d e l i n g   S y s t e m
Model Statistics    SOLVE part_a Using MIP From line 61


MODEL STATISTICS

BLOCKS OF EQUATIONS           4     SINGLE EQUATIONS          961
BLOCKS OF VARIABLES           3     SINGLE VARIABLES          931
NON ZERO ELEMENTS         3,630     DISCRETE VARIABLES        930


GENERATION TIME      =        0.032 SECONDS      4 MB  33.2.0 r4f23b21 WEX-WEI
GAMS 33.2.0  r4f23b21 Released Dec  1, 2020 WEX-WEI x86 64bit/MS Windows - 12/28/20 20:09:55 Page 5
G e n e r a l   A l g e b r a i c   M o d e l i n g   S y s t e m
Solution Report     SOLVE part_a Using MIP From line 61


               S O L V E      S U M M A R Y

     MODEL   part_a              OBJECTIVE  t
     TYPE    MIP                 DIRECTION  MINIMIZE
     SOLVER  CPLEX               FROM LINE  61

**** SOLVER STATUS     1 Normal Completion         
**** MODEL STATUS      1 Optimal                   
**** OBJECTIVE VALUE               50.5000

 RESOURCE USAGE, LIMIT          0.532 10000000000.000
 ITERATION COUNT, LIMIT      6556    2147483647
--- *** This solver runs with a demo license. No commercial use.
--- Space for names approximately 0.03 Mb
--- Use option 'names no' to turn use of names off
--- GMO memory 0.72 Mb (peak 0.72 Mb)
--- Dictionary memory 0.00 Mb
--- Cplex 12.10.0.0 link memory 0.03 Mb (peak 0.12 Mb)
--- Starting Cplex


--- MIP status (101): integer optimal solution.
--- Cplex Time: 0.52sec (det. 573.11 ticks)

--- Fixing integer variables and solving final LP...


--- Fixed MIP status (1): optimal.
--- Cplex Time: 0.02sec (det. 0.82 ticks)


Proven optimal solution
MIP Solution:           50.500000    (6556 iterations, 50 nodes)
Final Solve:            50.500000    (0 iterations)

Best possible:          50.500000
Absolute gap:            0.000000
Relative gap:            0.000000


---- EQU eq1  

          LOWER          LEVEL          UPPER         MARGINAL

1          1.0000         1.0000         1.0000          .          
2          1.0000         1.0000         1.0000          .          
3          1.0000         1.0000         1.0000          .          
4          1.0000         1.0000         1.0000          .          
5          1.0000         1.0000         1.0000          .          
6          1.0000         1.0000         1.0000          .          
7          1.0000         1.0000         1.0000          .          
8          1.0000         1.0000         1.0000          .          
9          1.0000         1.0000         1.0000          .          
10         1.0000         1.0000         1.0000          .          
11         1.0000         1.0000         1.0000          .          
12         1.0000         1.0000         1.0000          .          
13         1.0000         1.0000         1.0000          .          
14         1.0000         1.0000         1.0000          .          
15         1.0000         1.0000         1.0000          .          
16         1.0000         1.0000         1.0000          .          
17         1.0000         1.0000         1.0000          .          
18         1.0000         1.0000         1.0000          .          
19         1.0000         1.0000         1.0000          .          
20         1.0000         1.0000         1.0000          .          
21         1.0000         1.0000         1.0000          .          
22         1.0000         1.0000         1.0000          .          
23         1.0000         1.0000         1.0000          .          
24         1.0000         1.0000         1.0000          .          
25         1.0000         1.0000         1.0000          .          
26         1.0000         1.0000         1.0000          .          
27         1.0000         1.0000         1.0000          .          
28         1.0000         1.0000         1.0000          .          
29         1.0000         1.0000         1.0000          .          
30         1.0000         1.0000         1.0000          .          

---- EQU eq2  

             LOWER          LEVEL          UPPER         MARGINAL

1 .1         -INF             .              .              .          
1 .2         -INF             .              .              .          
1 .3         -INF             .              .              .          
1 .4         -INF             .              .              .          
1 .5         -INF             .              .              .          
1 .6         -INF             .              .              .          
1 .7         -INF             .              .              .          
1 .8         -INF             .              .              .          
1 .9         -INF             .              .              .          
1 .10        -INF             .              .              .          
1 .11        -INF             .              .              .          
1 .12        -INF             .              .              .          
1 .13        -INF             .              .              .          
1 .14        -INF             .              .              .          
1 .15        -INF             .              .              .          
1 .16        -INF             .              .              .          
1 .17        -INF             .              .              .          
1 .18        -INF             .              .              .          
1 .19        -INF           -1.0000          .              .          
1 .20        -INF             .              .              .          
1 .21        -INF             .              .              .          
1 .22        -INF             .              .              .          
1 .23        -INF             .              .              .          
1 .24        -INF           -1.0000          .              .          
1 .25        -INF             .              .              .          
1 .26        -INF             .              .              .          
1 .27        -INF             .              .              .          
1 .28        -INF             .              .              .          
1 .29        -INF             .              .              .          
1 .30        -INF           -1.0000          .              .          
2 .1         -INF             .              .              .          
2 .2         -INF             .              .              .          
2 .3         -INF             .              .              .          
2 .4         -INF             .              .              .          
2 .5         -INF             .              .              .          
2 .6         -INF             .              .              .          
2 .7         -INF             .              .              .          
2 .8         -INF             .              .              .          
2 .9         -INF             .              .              .          
2 .10        -INF             .              .              .          
2 .11        -INF             .              .              .          
2 .12        -INF             .              .              .          
2 .13        -INF             .              .              .          
2 .14        -INF             .              .              .          
2 .15        -INF           -1.0000          .              .          
2 .16        -INF             .              .              .          
2 .17        -INF             .              .              .          
2 .18        -INF             .              .              .          
2 .19        -INF             .              .              .          
2 .20        -INF             .              .              .          
2 .21        -INF             .              .              .          
2 .22        -INF             .              .              .          
2 .23        -INF             .              .              .          
2 .24        -INF           -1.0000          .              .          
2 .25        -INF             .              .              .          
2 .26        -INF             .              .              .          
2 .27        -INF             .              .              .          
2 .28        -INF             .              .              .          
2 .29        -INF             .              .              .          
2 .30        -INF           -1.0000          .              .          
3 .1         -INF             .              .              .          
3 .2         -INF             .              .              .          
3 .3         -INF             .              .              .          
3 .4         -INF             .              .              .          
3 .5         -INF             .              .              .          
3 .6         -INF             .              .              .          
3 .7         -INF             .              .              .          
3 .8         -INF             .              .              .          
3 .9         -INF             .              .              .          
3 .10        -INF             .              .              .          
3 .11        -INF             .              .              .          
3 .12        -INF             .              .              .          
3 .13        -INF             .              .              .          
3 .14        -INF             .              .              .          
3 .15        -INF           -1.0000          .              .          
3 .16        -INF             .              .              .          
3 .17        -INF             .              .              .          
3 .18        -INF             .              .              .          
3 .19        -INF           -1.0000          .              .          
3 .20        -INF             .              .              .          
3 .21        -INF             .              .              .          
3 .22        -INF             .              .              .          
3 .23        -INF             .              .              .          
3 .24        -INF             .              .              .          
3 .25        -INF             .              .              .          
3 .26        -INF             .              .              .          
3 .27        -INF             .              .              .          
3 .28        -INF             .              .              .          
3 .29        -INF             .              .              .          
3 .30        -INF           -1.0000          .              .          
4 .1         -INF             .              .              .          
4 .2         -INF             .              .              .          
4 .3         -INF             .              .              .          
4 .4         -INF             .              .              .          
4 .5         -INF             .              .              .          
4 .6         -INF             .              .              .          
4 .7         -INF             .              .              .          
4 .8         -INF             .              .              .          
4 .9         -INF             .              .              .          
4 .10        -INF             .              .              .          
4 .11        -INF             .              .              .          
4 .12        -INF             .              .              .          
4 .13        -INF             .              .              .          
4 .14        -INF             .              .              .          
4 .15        -INF             .              .              .          
4 .16        -INF             .              .              .          
4 .17        -INF             .              .              .          
4 .18        -INF             .              .              .          
4 .19        -INF           -1.0000          .              .          
4 .20        -INF             .              .              .          
4 .21        -INF             .              .              .          
4 .22        -INF             .              .              .          
4 .23        -INF             .              .              .          
4 .24        -INF           -1.0000          .              .          
4 .25        -INF             .              .              .          
4 .26        -INF             .              .              .          
4 .27        -INF             .              .              .          
4 .28        -INF             .              .              .          
4 .29        -INF             .              .              .          
4 .30        -INF           -1.0000          .              .          
5 .1         -INF             .              .              .          
5 .2         -INF             .              .              .          
5 .3         -INF             .              .              .          
5 .4         -INF             .              .              .          
5 .5         -INF             .              .              .          
5 .6         -INF             .              .              .          
5 .7         -INF             .              .              .          
5 .8         -INF             .              .              .          
5 .9         -INF             .              .              .          
5 .10        -INF             .              .              .          
5 .11        -INF             .              .              .          
5 .12        -INF             .              .              .          
5 .13        -INF             .              .              .          
5 .14        -INF             .              .              .          
5 .15        -INF           -1.0000          .              .          
5 .16        -INF             .              .              .          
5 .17        -INF             .              .              .          
5 .18        -INF             .              .              .          
5 .19        -INF             .              .              .          
5 .20        -INF             .              .              .          
5 .21        -INF             .              .              .          
5 .22        -INF             .              .              .          
5 .23        -INF             .              .              .          
5 .24        -INF           -1.0000          .              .          
5 .25        -INF             .              .              .          
5 .26        -INF             .              .              .          
5 .27        -INF             .              .              .          
5 .28        -INF             .              .              .          
5 .29        -INF             .              .              .          
5 .30        -INF           -1.0000          .              .          
6 .1         -INF             .              .              .          
6 .2         -INF             .              .              .          
6 .3         -INF             .              .              .          
6 .4         -INF             .              .              .          
6 .5         -INF             .              .              .          
6 .6         -INF             .              .              .          
6 .7         -INF             .              .              .          
6 .8         -INF             .              .              .          
6 .9         -INF             .              .              .          
6 .10        -INF             .              .              .          
6 .11        -INF             .              .              .          
6 .12        -INF             .              .              .          
6 .13        -INF             .              .              .          
6 .14        -INF             .              .              .          
6 .15        -INF             .              .              .          
6 .16        -INF             .              .              .          
6 .17        -INF             .              .              .          
6 .18        -INF             .              .              .          
6 .19        -INF           -1.0000          .              .          
6 .20        -INF             .              .              .          
6 .21        -INF             .              .              .          
6 .22        -INF             .              .              .          
6 .23        -INF             .              .              .          
6 .24        -INF           -1.0000          .              .          
6 .25        -INF             .              .              .          
6 .26        -INF             .              .              .          
6 .27        -INF             .              .              .          
6 .28        -INF             .              .              .          
6 .29        -INF             .              .              .          
6 .30        -INF           -1.0000          .              .          
7 .1         -INF             .              .              .          
7 .2         -INF             .              .              .          
7 .3         -INF             .              .              .          
7 .4         -INF             .              .              .          
7 .5         -INF             .              .              .          
7 .6         -INF             .              .              .          
7 .7         -INF             .              .              .          
7 .8         -INF             .              .              .          
7 .9         -INF             .              .              .          
7 .10        -INF             .              .              .          
7 .11        -INF             .              .              .          
7 .12        -INF             .              .              .          
7 .13        -INF             .              .              .          
7 .14        -INF             .              .              .          
7 .15        -INF             .              .              .          
7 .16        -INF             .              .              .          
7 .17        -INF             .              .              .          
7 .18        -INF             .              .              .          
7 .19        -INF           -1.0000          .              .          
7 .20        -INF             .              .              .          
7 .21        -INF             .              .              .          
7 .22        -INF             .              .              .          
7 .23        -INF             .              .              .          
7 .24        -INF           -1.0000          .              .          
7 .25        -INF             .              .              .          
7 .26        -INF             .              .              .          
7 .27        -INF             .              .              .          
7 .28        -INF             .              .              .          
7 .29        -INF             .              .              .          
7 .30        -INF           -1.0000          .              .          
8 .1         -INF             .              .              .          
8 .2         -INF             .              .              .          
8 .3         -INF             .              .              .          
8 .4         -INF             .              .              .          
8 .5         -INF             .              .              .          
8 .6         -INF             .              .              .          
8 .7         -INF             .              .              .          
8 .8         -INF             .              .              .          
8 .9         -INF             .              .              .          
8 .10        -INF             .              .              .          
8 .11        -INF             .              .              .          
8 .12        -INF             .              .              .          
8 .13        -INF             .              .              .          
8 .14        -INF             .              .              .          
8 .15        -INF             .              .              .          
8 .16        -INF             .              .              .          
8 .17        -INF             .              .              .          
8 .18        -INF             .              .              .          
8 .19        -INF           -1.0000          .              .          
8 .20        -INF             .              .              .          
8 .21        -INF             .              .              .          
8 .22        -INF             .              .              .          
8 .23        -INF             .              .              .          
8 .24        -INF           -1.0000          .              .          
8 .25        -INF             .              .              .          
8 .26        -INF             .              .              .          
8 .27        -INF             .              .              .          
8 .28        -INF             .              .              .          
8 .29        -INF             .              .              .          
8 .30        -INF           -1.0000          .              .          
9 .1         -INF             .              .              .          
9 .2         -INF             .              .              .          
9 .3         -INF             .              .              .          
9 .4         -INF             .              .              .          
9 .5         -INF             .              .              .          
9 .6         -INF             .              .              .          
9 .7         -INF             .              .              .          
9 .8         -INF             .              .              .          
9 .9         -INF             .              .              .          
9 .10        -INF             .              .              .          
9 .11        -INF             .              .              .          
9 .12        -INF             .              .              .          
9 .13        -INF             .              .              .          
9 .14        -INF             .              .              .          
9 .15        -INF             .              .              .          
9 .16        -INF             .              .              .          
9 .17        -INF             .              .              .          
9 .18        -INF             .              .              .          
9 .19        -INF           -1.0000          .              .          
9 .20        -INF             .              .              .          
9 .21        -INF             .              .              .          
9 .22        -INF             .              .              .          
9 .23        -INF             .              .              .          
9 .24        -INF           -1.0000          .              .          
9 .25        -INF             .              .              .          
9 .26        -INF             .              .              .          
9 .27        -INF             .              .              .          
9 .28        -INF             .              .              .          
9 .29        -INF             .              .              .          
9 .30        -INF           -1.0000          .              .          
10.1         -INF             .              .              .          
10.2         -INF             .              .              .          
10.3         -INF             .              .              .          
10.4         -INF             .              .              .          
10.5         -INF             .              .              .          
10.6         -INF             .              .              .          
10.7         -INF             .              .              .          
10.8         -INF             .              .              .          
10.9         -INF             .              .              .          
10.10        -INF             .              .              .          
10.11        -INF             .              .              .          
10.12        -INF             .              .              .          
10.13        -INF             .              .              .          
10.14        -INF             .              .              .          
10.15        -INF           -1.0000          .              .          
10.16        -INF             .              .              .          
10.17        -INF             .              .              .          
10.18        -INF             .              .              .          
10.19        -INF           -1.0000          .              .          
10.20        -INF             .              .              .          
10.21        -INF             .              .              .          
10.22        -INF             .              .              .          
10.23        -INF             .              .              .          
10.24        -INF             .              .              .          
10.25        -INF             .              .              .          
10.26        -INF             .              .              .          
10.27        -INF             .              .              .          
10.28        -INF             .              .              .          
10.29        -INF             .              .              .          
10.30        -INF           -1.0000          .              .          
11.1         -INF             .              .              .          
11.2         -INF             .              .              .          
11.3         -INF             .              .              .          
11.4         -INF             .              .              .          
11.5         -INF             .              .              .          
11.6         -INF             .              .              .          
11.7         -INF             .              .              .          
11.8         -INF             .              .              .          
11.9         -INF             .              .              .          
11.10        -INF             .              .              .          
11.11        -INF             .              .              .          
11.12        -INF             .              .              .          
11.13        -INF             .              .              .          
11.14        -INF             .              .              .          
11.15        -INF           -1.0000          .              .          
11.16        -INF             .              .              .          
11.17        -INF             .              .              .          
11.18        -INF             .              .              .          
