GAMS 33.2.0  r4f23b21 Released Dec  1, 2020 WEX-WEI x86 64bit/MS Windows - 12/28/20 20:10:26 Page 1
G e n e r a l   A l g e b r a i c   M o d e l i n g   S y s t e m
C o m p i l a t i o n


   1  Sets
   2  i village / 1 * 30 /
   3  alias (i, j)
   4  ;
   5   
   6  Table d(i,j) distance table
   8  ,1,2,3,4,5,6,7,8,9,10,11,12,13,14,15,16,17,18,19,20,21,22,23,24,25,26,27,28,29,30
   9  1,0,32,72,55.5,70,86.5,53.5,50.5,44.5,40,36,67,73,65,50,52.5,73.5,84,89,57.5,31.5,41,69.5,74,60.5,62,87,91,59.5,41.5
  10  2,32,0,71.5,47,71,80,48,51.5,61.5,47,60.5,70,58,43.5,75.5,44,64,56.5,47.5,85,66,67.5,70.5,45.5,61.5,88.5,69,65.5,51.5,32
  11  3,72,71.5,0,41,45.5,59,52.5,64,50,60.5,75.5,49,46,94.5,44.5,45.5,78,60,65,83.5,50.5,55.5,66.5,48.5,49.5,54,80,56,54.5,32
  12  4,55.5,47,41,0,44.5,73,46,97,65,51,84,48.5,41.5,82,48.5,63.5,65,42.5,64,39.5,44.5,40.5,31.5,49.5,98.5,58.5,70.5,95,59,64
  13  5,70,71,45.5,44.5,0,45.5,69.5,88,84.5,65.5,92,79.5,69,61.5,73,56.5,91,47.5,33.5,28,56,57.5,58.5,56,71.5,75,93,62,43.5,66.5
  14  6,86.5,80,59,73,45.5,0,64,73.5,75.5,73.5,63,58.5,67.5,36.5,50,61,58,50.5,88,49,96,47.5,69,59,76,90,26.5,46.5,55.5,64.5
  15  7,53.5,48,52.5,46,69.5,64,0,25.5,56,31.5,74,54,36,44,33.5,62.5,61.5,37,52,58,54,34.5,50,64,81,46.5,56.5,75.5,64.5,60.5
  16  8,50.5,51.5,64,97,88,73.5,25.5,0,45,54,86,55,44.5,56,38.5,76,74.5,74.5,89,68.5,79.5,53.5,71.5,61,34.5,70.5,88,76.5,34,61.5
  17  9,44.5,61.5,50,65,84.5,75.5,56,45,0,91,68.5,47.5,33,65.5,48,66.5,86,58,78.5,63.5,41,57,57.5,69,49.5,73.5,31,51.5,57,54.5
  18  10,40,47,60.5,51,65.5,73.5,31.5,54,91,0,71,84,51,58,43,81,72.5,53.5,56,74,79,62,93.5,50.5,63.5,34,95.5,65,45,60
  19  11,36,60.5,75.5,84,92,63,74,86,68.5,71,0,64,70,69.5,58,81,75,77,29,40,35.5,79,79,90,70.5,85,83.5,47,54.5,68.5
  20  12,67,70,49,48.5,79.5,58.5,54,55,47.5,84,64,0,35,79.5,83,51.5,57.5,76,38,58,71,79,86,54,51,63.5,72,51,81,56
  21  13,73,58,46,41.5,69,67.5,36,44.5,33,51,70,35,0,70.5,72.5,51.5,94.5,31.5,77.5,61.5,50,55.5,72,44,37.5,39,63.5,45.5,75.5,77
  22  14,65,43.5,94.5,82,61.5,36.5,44,56,65.5,58,69.5,79.5,70.5,0,45,77,26,96.5,82,40,57.5,60,54,70,39.5,55.5,55,82,66,56
  23  15,50,75.5,44.5,48.5,73,50,33.5,38.5,48,43,58,83,72.5,45,0,79.5,80,79,75.5,63,71,70.5,61.5,52.5,59.5,73,45.5,84.5,92.5,56.5
  24  16,52.5,44,45.5,63.5,56.5,61,62.5,76,66.5,81,81,51.5,51.5,77,79.5,0,63.5,41,50.5,52.5,68,31,56.5,61,62.5,58,68.5,68.5,70.5,70
  25  17,73.5,64,78,65,91,58,61.5,74.5,86,72.5,75,57.5,94.5,26,80,63.5,0,54,71,57,56,33.5,40,52,81,55.5,48.5,47,55.5,49
  26  18,84,56.5,60,42.5,47.5,50.5,37,74.5,58,53.5,77,76,31.5,96.5,79,41,54,0,67,54.5,47.5,23,73,54,84,68.5,88.5,65,87.5,34.5
  27  19,89,47.5,65,64,33.5,88,52,89,78.5,56,29,38,77.5,82,75.5,50.5,71,67,0,44,60.5,93.5,32.5,74,45,28.5,26,34.5,81.5,74
  28  20,57.5,85,83.5,39.5,28,49,58,68.5,63.5,74,40,58,61.5,40,63,52.5,57,54.5,44,0,73.5,68.5,29,76.5,91,75,70.5,51,69.5,82
  29  21,31.5,66,50.5,44.5,56,96,54,79.5,41,79,35.5,71,50,57.5,71,68,56,47.5,60.5,73.5,0,58,59.5,59,58.5,73,57.5,62,68,48
  30  22,41,67.5,55.5,40.5,57.5,47.5,34.5,53.5,57,62,79,79,55.5,60,70.5,31,33.5,23,93.5,68.5,58,0,83,42,81.5,73.5,59,69.5,71,34.5
  31  23,69.5,70.5,66.5,31.5,58.5,69,50,71.5,57.5,93.5,79,86,72,54,61.5,56.5,40,73,32.5,29,59.5,83,0,64,47.5,62.5,67.5,74.5,76.5,55
  32  24,74,45.5,48.5,49.5,56,59,64,61,69,50.5,90,54,44,70,52.5,61,52,54,74,76.5,59,42,64,0,82,84,51,69,48.5,65.5
  33  25,60.5,61.5,49.5,98.5,71.5,76,81,34.5,49.5,63.5,70.5,51,37.5,39.5,59.5,62.5,81,84,45,91,58.5,81.5,47.5,82,0,54.5,48.5,27,66.5,55
  34  26,62,88.5,54,58.5,75,90,46.5,70.5,73.5,34,85,63.5,39,55.5,73,58,55.5,68.5,28.5,75,73,73.5,62.5,84,54.5,0,38.5,59.5,78,58
  35  27,87,69,80,70.5,93,26.5,56.5,88,31,95.5,83.5,72,63.5,55,45.5,68.5,48.5,88.5,26,70.5,57.5,59,67.5,51,48.5,38.5,0,60.5,92,46.5
  36  28,91,65.5,56,95,62,46.5,75.5,76.5,51.5,65,47,51,45.5,82,84.5,68.5,47,65,34.5,51,62,69.5,74.5,69,27,59.5,60.5,0,56,67
  37  29,59.5,51.5,54.5,59,43.5,55.5,64.5,34,57,45,54.5,81,75.5,66,92.5,70.5,55.5,87.5,81.5,69.5,68,71,76.5,48.5,66.5,78,92,56,0,52.5
  38  30,41.5,32,32,64,66.5,64.5,60.5,61.5,54.5,60,68.5,56,77,56,56.5,70,49,34.5,74,82,48,34.5,55,65.5,55,58,46.5,67,52.5,0
  40  ;
  41   
  42  Scalar
  43  time_limit time limit for to turn back to first village (h). / 10 /
  44  speed speed of the snowplows (h). / 40 /
  45  ;
  46   
  47  Set eijj(i,j) 'exclude j = 1 for pair (i,j)';
  48  eijj(i,j) = ord(j) > 1;
  49   
  50  Set eiji(i,j) 'exclude i = 1 for pair (i,j)';
  51  eiji(i,j) = ord(i) > 1;
  52   
  53  Set ei(i) 'exclude i = 1';
  54  ei(i) = ord(i) > 1;
  55   
  56  Set ej(j) 'exclude j = 1';
  57  ej(j) = ord(j) > 1;
  58   
  59  Free Variables
  60  m
  61  ;
  62   
  63  Variables
  64  z
  65  y(i,j) the total distance from the origin to the node j traveled by a snowplow when it goes from i to j
  66  ;
  67   
  68  Binary Variables
  69  x(i,j) if one of the salesman goes from village i to village j
  70  ;
  71   
  72  x.fx(i,i) = 0;
  73   
  74  Equations
  75  eq2, eq3, eq4(j), eq5(i), eq12(i), eq14(i), eq16(i, j), eq17(i), eq18(i,j)
  76  ;
  77   
  78  eq2 .. sum(i $(not sameas(i, '1')), x('1', i)) =e= m;
  79  eq3 .. sum(i $(not sameas(i, '1')), x(i, '1')) =e= m;
  80  eq4(ej(j)) .. sum(i, x(i,j)) =e= 1;
  81  eq5(ei(i)) .. sum(j, x(i,j)) =e= 1;
  82  eq12(ei(i)) .. sum(j $(not sameas(i,j)), y(i,j)) - sum(j $(not sameas(i,j)), y(j,i)) - sum(j, d(i,j) * x(i,j)) =e= 0;
  83  eq14(ei(i)) .. y('1',i) =e= d('1',i) * x('1',i);
  84  eq16(eijj(i,j)) .. y(i,j) =l= (time_limit * speed - d(j, '1')) * x(i,j);
  85  eq17(ei(i)) .. y(i,'1') =l= time_limit * speed * x(i,'1');
  86  eq18(eiji(i,j)) .. y(i,j) =g= (d('1',i) + d(i,j)) * x(i,j);
  87  option optCr = 0.00;
  88   
  89  Model part_d /all/;
  90  Solve part_d using MIP minimizing m;
  91  Display m.l;
  92   
  93   
  94   
  95   
  96   
  97   
  98   
  99   
 100   
 101   
 102   
 103   
 104   
 105   
 106   
 107   
 108   
 109   
 110   
 111   
 112   
 113   
 114   
 115   
 116   
 117   
 118   


COMPILATION TIME     =        0.000 SECONDS      3 MB  33.2.0 r4f23b21 WEX-WEI
GAMS 33.2.0  r4f23b21 Released Dec  1, 2020 WEX-WEI x86 64bit/MS Windows - 12/28/20 20:10:26 Page 2
G e n e r a l   A l g e b r a i c   M o d e l i n g   S y s t e m
Equation Listing    SOLVE part_d Using MIP From line 90


---- eq2  =E=  

eq2..  - m + x(1,2) + x(1,3) + x(1,4) + x(1,5) + x(1,6) + x(1,7) + x(1,8) + x(1,9) + x(1,10) + x(1,11) + x(1,12) + x(1,13) + x(1,14) + x(1,15) + x(1,16) + x(1,17) + x(1,18) + x(1,19) + x(1,20) + x(1,21) + x(1,22) + x(1,23) + x(1,24) + x(1,25) + x(1,26) + x(1,27) + x(1,28) + x(1,29) + x(1,30) =E= 0 ; (LHS = 0)
     

---- eq3  =E=  

eq3..  - m + x(2,1) + x(3,1) + x(4,1) + x(5,1) + x(6,1) + x(7,1) + x(8,1) + x(9,1) + x(10,1) + x(11,1) + x(12,1) + x(13,1) + x(14,1) + x(15,1) + x(16,1) + x(17,1) + x(18,1) + x(19,1) + x(20,1) + x(21,1) + x(22,1) + x(23,1) + x(24,1) + x(25,1) + x(26,1) + x(27,1) + x(28,1) + x(29,1) + x(30,1) =E= 0 ; (LHS = 0)
     

---- eq4  =E=  

eq4(2)..  x(1,2) + x(2,2) + x(3,2) + x(4,2) + x(5,2) + x(6,2) + x(7,2) + x(8,2) + x(9,2) + x(10,2) + x(11,2) + x(12,2) + x(13,2) + x(14,2) + x(15,2) + x(16,2) + x(17,2) + x(18,2) + x(19,2) + x(20,2) + x(21,2) + x(22,2) + x(23,2) + x(24,2) + x(25,2) + x(26,2) + x(27,2) + x(28,2) + x(29,2) + x(30,2) =E= 1 ; (LHS = 0, INFES = 1 ****)
     
eq4(3)..  x(1,3) + x(2,3) + x(3,3) + x(4,3) + x(5,3) + x(6,3) + x(7,3) + x(8,3) + x(9,3) + x(10,3) + x(11,3) + x(12,3) + x(13,3) + x(14,3) + x(15,3) + x(16,3) + x(17,3) + x(18,3) + x(19,3) + x(20,3) + x(21,3) + x(22,3) + x(23,3) + x(24,3) + x(25,3) + x(26,3) + x(27,3) + x(28,3) + x(29,3) + x(30,3) =E= 1 ; (LHS = 0, INFES = 1 ****)
     
eq4(4)..  x(1,4) + x(2,4) + x(3,4) + x(4,4) + x(5,4) + x(6,4) + x(7,4) + x(8,4) + x(9,4) + x(10,4) + x(11,4) + x(12,4) + x(13,4) + x(14,4) + x(15,4) + x(16,4) + x(17,4) + x(18,4) + x(19,4) + x(20,4) + x(21,4) + x(22,4) + x(23,4) + x(24,4) + x(25,4) + x(26,4) + x(27,4) + x(28,4) + x(29,4) + x(30,4) =E= 1 ; (LHS = 0, INFES = 1 ****)
     
REMAINING 26 ENTRIES SKIPPED


---- eq5  =E=  

eq5(2)..  x(2,1) + x(2,2) + x(2,3) + x(2,4) + x(2,5) + x(2,6) + x(2,7) + x(2,8) + x(2,9) + x(2,10) + x(2,11) + x(2,12) + x(2,13) + x(2,14) + x(2,15) + x(2,16) + x(2,17) + x(2,18) + x(2,19) + x(2,20) + x(2,21) + x(2,22) + x(2,23) + x(2,24) + x(2,25) + x(2,26) + x(2,27) + x(2,28) + x(2,29) + x(2,30) =E= 1 ; (LHS = 0, INFES = 1 ****)
     
eq5(3)..  x(3,1) + x(3,2) + x(3,3) + x(3,4) + x(3,5) + x(3,6) + x(3,7) + x(3,8) + x(3,9) + x(3,10) + x(3,11) + x(3,12) + x(3,13) + x(3,14) + x(3,15) + x(3,16) + x(3,17) + x(3,18) + x(3,19) + x(3,20) + x(3,21) + x(3,22) + x(3,23) + x(3,24) + x(3,25) + x(3,26) + x(3,27) + x(3,28) + x(3,29) + x(3,30) =E= 1 ; (LHS = 0, INFES = 1 ****)
     
eq5(4)..  x(4,1) + x(4,2) + x(4,3) + x(4,4) + x(4,5) + x(4,6) + x(4,7) + x(4,8) + x(4,9) + x(4,10) + x(4,11) + x(4,12) + x(4,13) + x(4,14) + x(4,15) + x(4,16) + x(4,17) + x(4,18) + x(4,19) + x(4,20) + x(4,21) + x(4,22) + x(4,23) + x(4,24) + x(4,25) + x(4,26) + x(4,27) + x(4,28) + x(4,29) + x(4,30) =E= 1 ; (LHS = 0, INFES = 1 ****)
     
REMAINING 26 ENTRIES SKIPPED


---- eq12  =E=  

eq12(2)..  - y(1,2) + y(2,1) + y(2,3) + y(2,4) + y(2,5) + y(2,6) + y(2,7) + y(2,8) + y(2,9) + y(2,10) + y(2,11) + y(2,12) + y(2,13) + y(2,14) + y(2,15) + y(2,16) + y(2,17) + y(2,18) + y(2,19) + y(2,20) + y(2,21) + y(2,22) + y(2,23) + y(2,24) + y(2,25) + y(2,26) + y(2,27) + y(2,28) + y(2,29) + y(2,30) - y(3,2) - y(4,2) - y(5,2) - y(6,2) - y(7,2) - y(8,2) - y(9,2) - y(10,2) - y(11,2) - y(12,2) - y(13,2) - y(14,2) - y(15,2) - y(16,2) - y(17,2) - y(18,2) - y(19,2) - y(20,2) - y(21,2) - y(22,2) - y(23,2) - y(24,2) - y(25,2) - y(26,2) - y(27,2) - y(28,2) - y(29,2) - y(30,2) - 32*x(2,1) - 71.5*x(2,3) - 47*x(2,4) - 71*x(2,5) - 80*x(2,6) - 48*x(2,7) - 51.5*x(2,8) - 61.5*x(2,9) - 47*x(2,10) - 60.5*x(2,11) - 70*x(2,12) - 58*x(2,13) - 43.5*x(2,14) - 75.5*x(2,15) - 44*x(2,16) - 64*x(2,17) - 56.5*x(2,18) - 47.5*x(2,19) - 85*x(2,20) - 66*x(2,21) - 67.5*x(2,22) - 70.5*x(2,23) - 45.5*x(2,24) - 61.5*x(2,25) - 88.5*x(2,26) - 69*x(2,27) - 65.5*x(2,28) - 51.5*x(2,29) - 32*x(2,30) =E= 0 ; (LHS = 0)
     
eq12(3)..  - y(1,3) - y(2,3) + y(3,1) + y(3,2) + y(3,4) + y(3,5) + y(3,6) + y(3,7) + y(3,8) + y(3,9) + y(3,10) + y(3,11) + y(3,12) + y(3,13) + y(3,14) + y(3,15) + y(3,16) + y(3,17) + y(3,18) + y(3,19) + y(3,20) + y(3,21) + y(3,22) + y(3,23) + y(3,24) + y(3,25) + y(3,26) + y(3,27) + y(3,28) + y(3,29) + y(3,30) - y(4,3) - y(5,3) - y(6,3) - y(7,3) - y(8,3) - y(9,3) - y(10,3) - y(11,3) - y(12,3) - y(13,3) - y(14,3) - y(15,3) - y(16,3) - y(17,3) - y(18,3) - y(19,3) - y(20,3) - y(21,3) - y(22,3) - y(23,3) - y(24,3) - y(25,3) - y(26,3) - y(27,3) - y(28,3) - y(29,3) - y(30,3) - 72*x(3,1) - 71.5*x(3,2) - 41*x(3,4) - 45.5*x(3,5) - 59*x(3,6) - 52.5*x(3,7) - 64*x(3,8) - 50*x(3,9) - 60.5*x(3,10) - 75.5*x(3,11) - 49*x(3,12) - 46*x(3,13) - 94.5*x(3,14) - 44.5*x(3,15) - 45.5*x(3,16) - 78*x(3,17) - 60*x(3,18) - 65*x(3,19) - 83.5*x(3,20) - 50.5*x(3,21) - 55.5*x(3,22) - 66.5*x(3,23) - 48.5*x(3,24) - 49.5*x(3,25) - 54*x(3,26) - 80*x(3,27) - 56*x(3,28) - 54.5*x(3,29) - 32*x(3,30) =E= 0 ; (LHS = 0)
     
eq12(4)..  - y(1,4) - y(2,4) - y(3,4) + y(4,1) + y(4,2) + y(4,3) + y(4,5) + y(4,6) + y(4,7) + y(4,8) + y(4,9) + y(4,10) + y(4,11) + y(4,12) + y(4,13) + y(4,14) + y(4,15) + y(4,16) + y(4,17) + y(4,18) + y(4,19) + y(4,20) + y(4,21) + y(4,22) + y(4,23) + y(4,24) + y(4,25) + y(4,26) + y(4,27) + y(4,28) + y(4,29) + y(4,30) - y(5,4) - y(6,4) - y(7,4) - y(8,4) - y(9,4) - y(10,4) - y(11,4) - y(12,4) - y(13,4) - y(14,4) - y(15,4) - y(16,4) - y(17,4) - y(18,4) - y(19,4) - y(20,4) - y(21,4) - y(22,4) - y(23,4) - y(24,4) - y(25,4) - y(26,4) - y(27,4) - y(28,4) - y(29,4) - y(30,4) - 55.5*x(4,1) - 47*x(4,2) - 41*x(4,3) - 44.5*x(4,5) - 73*x(4,6) - 46*x(4,7) - 97*x(4,8) - 65*x(4,9) - 51*x(4,10) - 84*x(4,11) - 48.5*x(4,12) - 41.5*x(4,13) - 82*x(4,14) - 48.5*x(4,15) - 63.5*x(4,16) - 65*x(4,17) - 42.5*x(4,18) - 64*x(4,19) - 39.5*x(4,20) - 44.5*x(4,21) - 40.5*x(4,22) - 31.5*x(4,23) - 49.5*x(4,24) - 98.5*x(4,25) - 58.5*x(4,26) - 70.5*x(4,27) - 95*x(4,28) - 59*x(4,29) - 64*x(4,30) =E= 0 ; (LHS = 0)
     
REMAINING 26 ENTRIES SKIPPED


---- eq14  =E=  

eq14(2)..  y(1,2) - 32*x(1,2) =E= 0 ; (LHS = 0)
     
eq14(3)..  y(1,3) - 72*x(1,3) =E= 0 ; (LHS = 0)
     
eq14(4)..  y(1,4) - 55.5*x(1,4) =E= 0 ; (LHS = 0)
     
REMAINING 26 ENTRIES SKIPPED


---- eq16  =L=  

eq16(1,2)..  y(1,2) - 368*x(1,2) =L= 0 ; (LHS = 0)
     
eq16(1,3)..  y(1,3) - 328*x(1,3) =L= 0 ; (LHS = 0)
     
eq16(1,4)..  y(1,4) - 344.5*x(1,4) =L= 0 ; (LHS = 0)
     
REMAINING 867 ENTRIES SKIPPED


---- eq17  =L=  

eq17(2)..  y(2,1) - 400*x(2,1) =L= 0 ; (LHS = 0)
     
eq17(3)..  y(3,1) - 400*x(3,1) =L= 0 ; (LHS = 0)
     
eq17(4)..  y(4,1) - 400*x(4,1) =L= 0 ; (LHS = 0)
     
REMAINING 26 ENTRIES SKIPPED


---- eq18  =G=  

eq18(2,1)..  y(2,1) - 64*x(2,1) =G= 0 ; (LHS = 0)
     
eq18(2,2)..  y(2,2) - 32*x(2,2) =G= 0 ; (LHS = 0)
     
eq18(2,3)..  y(2,3) - 103.5*x(2,3) =G= 0 ; (LHS = 0)
     
REMAINING 867 ENTRIES SKIPPED

GAMS 33.2.0  r4f23b21 Released Dec  1, 2020 WEX-WEI x86 64bit/MS Windows - 12/28/20 20:10:26 Page 3
G e n e r a l   A l g e b r a i c   M o d e l i n g   S y s t e m
Column Listing      SOLVE part_d Using MIP From line 90


---- m  

m
                (.LO, .L, .UP, .M = -INF, 0, +INF, 0)
       -1       eq2
       -1       eq3


---- y  the total distance from the origin to the node j traveled by a snowplow when it goes from i to j

y(1,2)
                (.LO, .L, .UP, .M = -INF, 0, +INF, 0)
       -1       eq12(2)
        1       eq14(2)
        1       eq16(1,2)

y(1,3)
                (.LO, .L, .UP, .M = -INF, 0, +INF, 0)
       -1       eq12(3)
        1       eq14(3)
        1       eq16(1,3)

y(1,4)
                (.LO, .L, .UP, .M = -INF, 0, +INF, 0)
       -1       eq12(4)
        1       eq14(4)
        1       eq16(1,4)

REMAINING 896 ENTRIES SKIPPED

---- x  if one of the salesman goes from village i to village j

x(1,2)
                (.LO, .L, .UP, .M = 0, 0, 1, 0)
        1       eq2
        1       eq4(2)
      -32       eq14(2)
     -368       eq16(1,2)

x(1,3)
                (.LO, .L, .UP, .M = 0, 0, 1, 0)
        1       eq2
        1       eq4(3)
      -72       eq14(3)
     -328       eq16(1,3)

x(1,4)
                (.LO, .L, .UP, .M = 0, 0, 1, 0)
        1       eq2
        1       eq4(4)
      -55.5     eq14(4)
     -344.5     eq16(1,4)

REMAINING 896 ENTRIES SKIPPED
GAMS 33.2.0  r4f23b21 Released Dec  1, 2020 WEX-WEI x86 64bit/MS Windows - 12/28/20 20:10:26 Page 4
G e n e r a l   A l g e b r a i c   M o d e l i n g   S y s t e m
Model Statistics    SOLVE part_d Using MIP From line 90


MODEL STATISTICS

BLOCKS OF EQUATIONS           9     SINGLE EQUATIONS        1,887
BLOCKS OF VARIABLES           3     SINGLE VARIABLES        1,799
NON ZERO ELEMENTS         7,919     DISCRETE VARIABLES        899


GENERATION TIME      =        0.031 SECONDS      5 MB  33.2.0 r4f23b21 WEX-WEI
GAMS 33.2.0  r4f23b21 Released Dec  1, 2020 WEX-WEI x86 64bit/MS Windows - 12/28/20 20:10:26 Page 5
G e n e r a l   A l g e b r a i c   M o d e l i n g   S y s t e m
Solution Report     SOLVE part_d Using MIP From line 90


               S O L V E      S U M M A R Y

     MODEL   part_d              OBJECTIVE  m
     TYPE    MIP                 DIRECTION  MINIMIZE
     SOLVER  CPLEX               FROM LINE  90

**** SOLVER STATUS     1 Normal Completion         
**** MODEL STATUS      1 Optimal                   
**** OBJECTIVE VALUE                3.0000

 RESOURCE USAGE, LIMIT        284.969 10000000000.000
 ITERATION COUNT, LIMIT   2894073    2147483647
--- *** This solver runs with a demo license. No commercial use.
--- Space for names approximately 0.06 Mb
--- Use option 'names no' to turn use of names off
--- GMO memory 0.92 Mb (peak 0.94 Mb)
--- Dictionary memory 0.00 Mb
--- Cplex 12.10.0.0 link memory 0.06 Mb (peak 0.25 Mb)
--- Starting Cplex


--- MIP status (101): integer optimal solution.
--- Cplex Time: 284.95sec (det. 340913.97 ticks)

--- Fixing integer variables and solving final LP...


--- Fixed MIP status (1): optimal.
--- Cplex Time: 0.00sec (det. 1.81 ticks)


Proven optimal solution
MIP Solution:            3.000000    (2894073 iterations, 20399 nodes)
Final Solve:             3.000000    (0 iterations)

Best possible:           3.000000
Absolute gap:            0.000000
Relative gap:            0.000000


                           LOWER          LEVEL          UPPER         MARGINAL

---- EQU eq2                 .              .              .            -1.0000      
---- EQU eq3                 .              .              .              .          

---- EQU eq4  

          LOWER          LEVEL          UPPER         MARGINAL

2          1.0000         1.0000         1.0000          .          
3          1.0000         1.0000         1.0000          .          
4          1.0000         1.0000         1.0000          .          
5          1.0000         1.0000         1.0000          .          
6          1.0000         1.0000         1.0000          .          
7          1.0000         1.0000         1.0000          .          
8          1.0000         1.0000         1.0000          .          
9          1.0000         1.0000         1.0000          .          
10         1.0000         1.0000         1.0000          .          
11         1.0000         1.0000         1.0000          .          
12         1.0000         1.0000         1.0000          .          
13         1.0000         1.0000         1.0000          .          
14         1.0000         1.0000         1.0000          .          
15         1.0000         1.0000         1.0000          .          
16         1.0000         1.0000         1.0000          .          
17         1.0000         1.0000         1.0000          .          
18         1.0000         1.0000         1.0000          .          
19         1.0000         1.0000         1.0000          .          
20         1.0000         1.0000         1.0000          .          
21         1.0000         1.0000         1.0000          .          
22         1.0000         1.0000         1.0000          .          
23         1.0000         1.0000         1.0000          .          
24         1.0000         1.0000         1.0000          .          
25         1.0000         1.0000         1.0000          .          
26         1.0000         1.0000         1.0000          .          
27         1.0000         1.0000         1.0000          .          
28         1.0000         1.0000         1.0000          .          
29         1.0000         1.0000         1.0000          .          
30         1.0000         1.0000         1.0000          .          

---- EQU eq5  

          LOWER          LEVEL          UPPER         MARGINAL

2          1.0000         1.0000         1.0000          .          
3          1.0000         1.0000         1.0000          .          
4          1.0000         1.0000         1.0000          .          
5          1.0000         1.0000         1.0000          .          
6          1.0000         1.0000         1.0000          .          
7          1.0000         1.0000         1.0000          .          
8          1.0000         1.0000         1.0000          .          
9          1.0000         1.0000         1.0000          .          
10         1.0000         1.0000         1.0000          .          
11         1.0000         1.0000         1.0000          .          
12         1.0000         1.0000         1.0000          .          
13         1.0000         1.0000         1.0000          .          
14         1.0000         1.0000         1.0000          .          
15         1.0000         1.0000         1.0000          .          
16         1.0000         1.0000         1.0000          .          
17         1.0000         1.0000         1.0000          .          
18         1.0000         1.0000         1.0000          .          
19         1.0000         1.0000         1.0000          .          
20         1.0000         1.0000         1.0000          .          
21         1.0000         1.0000         1.0000          .          
22         1.0000         1.0000         1.0000          .          
23         1.0000         1.0000         1.0000          .          
24         1.0000         1.0000         1.0000          .          
25         1.0000         1.0000         1.0000          .          
26         1.0000         1.0000         1.0000          .          
27         1.0000         1.0000         1.0000          .          
28         1.0000         1.0000         1.0000          .          
29         1.0000         1.0000         1.0000          .          
30         1.0000         1.0000         1.0000          .          

---- EQU eq12  

          LOWER          LEVEL          UPPER         MARGINAL

2           .              .              .              .          
3           .              .              .             EPS         
4           .              .              .             EPS         
5           .              .              .             EPS         
6           .              .              .             EPS         
7           .              .              .             EPS         
8           .              .              .             EPS         
9           .              .              .             EPS         
10          .              .              .              .          
11          .              .              .             EPS         
12          .              .              .             EPS         
13          .              .              .             EPS         
14          .              .              .             EPS         
15          .              .              .             EPS         
16          .              .              .             EPS         
17          .              .              .             EPS         
18          .              .              .             EPS         
19          .              .              .             EPS         
20          .              .              .             EPS         
21          .              .              .             EPS         
22          .              .              .             EPS         
23          .              .              .             EPS         
24          .              .              .             EPS         
25          .              .              .             EPS         
26          .              .              .             EPS         
27          .              .              .             EPS         
28          .              .              .             EPS         
29          .              .              .             EPS         
30          .              .              .              .          

---- EQU eq14  

          LOWER          LEVEL          UPPER         MARGINAL

2           .              .              .             EPS         
3           .              .              .             EPS         
4           .              .              .             EPS         
5           .              .              .             EPS         
6           .              .              .             EPS         
7           .              .              .             EPS         
8           .              .              .             EPS         
9           .              .              .             EPS         
10          .              .              .             EPS         
11          .              .              .             EPS         
12          .              .              .             EPS         
13          .              .              .             EPS         
14          .              .              .             EPS         
15          .              .              .             EPS         
16          .              .              .             EPS         
17          .              .              .             EPS         
18          .              .              .             EPS         
19          .              .              .             EPS         
20          .              .              .             EPS         
21          .              .              .             EPS         
22          .              .              .             EPS         
23          .              .              .             EPS         
24          .              .              .             EPS         
25          .              .              .             EPS         
26          .              .              .             EPS         
27          .              .              .             EPS         
28          .              .              .             EPS         
29          .              .              .             EPS         
30          .              .              .             EPS         

---- EQU eq16  

             LOWER          LEVEL          UPPER         MARGINAL

1 .2         -INF         -336.0000          .              .          
1 .3         -INF             .              .              .          
1 .4         -INF             .              .              .          
1 .5         -INF             .              .              .          
1 .6         -INF             .              .              .          
1 .7         -INF             .              .              .          
1 .8         -INF             .              .              .          
1 .9         -INF             .              .              .          
1 .10        -INF         -320.0000          .              .          
1 .11        -INF             .              .              .          
1 .12        -INF             .              .              .          
1 .13        -INF             .              .              .          
1 .14        -INF             .              .              .          
1 .15        -INF             .              .              .          
1 .16        -INF             .              .              .          
1 .17        -INF             .              .              .          
1 .18        -INF             .              .              .          
1 .19        -INF             .              .              .          
1 .20        -INF             .              .              .          
1 .21        -INF             .              .              .          
1 .22        -INF             .              .              .          
1 .23        -INF             .              .              .          
1 .24        -INF             .              .              .          
1 .25        -INF             .              .              .          
1 .26        -INF             .              .              .          
1 .27        -INF             .              .              .          
1 .28        -INF             .              .              .          
1 .29        -INF             .              .              .          
1 .30        -INF         -317.0000          .              .          
2 .2         -INF             .              .              .          
2 .3         -INF             .              .              .          
2 .4         -INF             .              .              .          
2 .5         -INF             .              .              .          
2 .6         -INF             .              .              .          
2 .7         -INF             .              .              .          
2 .8         -INF             .              .              .          
2 .9         -INF             .              .              .          
2 .10        -INF             .              .              .          
2 .11        -INF             .              .              .          
2 .12        -INF             .              .              .          
2 .13        -INF             .              .              .          
2 .14        -INF             .              .              .          
2 .15        -INF             .              .              .          
2 .16        -INF             .              .              .          
2 .17        -INF             .              .              .          
2 .18        -INF             .              .              .          
2 .19        -INF             .              .              .          
2 .20        -INF             .              .              .          
2 .21        -INF             .              .              .          
2 .22        -INF             .              .              .          
2 .23        -INF             .              .              .          
2 .24        -INF         -248.5000          .              .          
2 .25        -INF             .              .              .          
2 .26        -INF             .              .              .          
2 .27        -INF             .              .              .          
2 .28        -INF             .              .              .          
2 .29        -INF             .              .              .          
2 .30        -INF             .              .              .          
3 .2         -INF             .              .              .          
3 .3         -INF             .              .              .          
3 .4         -INF         -230.0000          .              .          
3 .5         -INF             .              .              .          
3 .6         -INF             .              .              .          
3 .7         -INF             .              .              .          
3 .8         -INF             .              .              .          
3 .9         -INF             .              .              .          
3 .10        -INF             .              .              .          
3 .11        -INF             .              .              .          
3 .12        -INF             .              .              .          
3 .13        -INF             .              .              .          
3 .14        -INF             .              .              .          
3 .15        -INF             .              .              .          
3 .16        -INF             .              .              .          
3 .17        -INF             .              .              .          
3 .18        -INF             .              .              .          
3 .19        -INF             .              .              .          
3 .20        -INF             .              .              .          
3 .21        -INF             .              .              .          
3 .22        -INF             .              .              .          
3 .23        -INF             .              .              .          
3 .24        -INF             .              .              .          
3 .25        -INF             .              .              .          
3 .26        -INF             .              .              .          
3 .27        -INF             .              .              .          
3 .28        -INF             .              .              .          
3 .29        -INF             .              .              .          
3 .30        -INF             .              .              .          
4 .2         -INF             .              .              .          
4 .3         -INF             .              .              .          
4 .4         -INF             .              .              .          
4 .5         -INF             .              .              .          
4 .6         -INF             .              .              .          
4 .7         -INF             .              .              .          
4 .8         -INF             .              .              .          
4 .9         -INF             .              .              .          
4 .10        -INF             .              .              .          
4 .11        -INF             .              .              .          
4 .12        -INF             .              .              .          
4 .13        -INF             .              .              .          
4 .14        -INF             .              .              .          
4 .15        -INF             .              .              .          
4 .16        -INF             .              .              .          
4 .17        -INF             .              .              .          
4 .18        -INF             .              .              .          
4 .19        -INF             .              .              .          
4 .20        -INF             .              .              .          
4 .21        -INF             .              .              .          
4 .22        -INF             .              .              .          
4 .23        -INF         -184.5000          .              .          
4 .24        -INF             .              .              .          
4 .25        -INF             .              .              .          
4 .26        -INF             .              .              .          
4 .27        -INF             .              .              .          
4 .28        -INF             .              .              .          
4 .29        -INF             .              .              .          
4 .30        -INF             .              .              .          
5 .2         -INF             .              .              .          
5 .3         -INF             .              .              .          
5 .4         -INF             .              .              .          
5 .5         -INF             .              .              .          
5 .6         -INF             .              .              .          
5 .7         -INF             .              .              .          
5 .8         -INF             .              .              .          
5 .9         -INF             .              .              .          
5 .10        -INF             .              .              .          
5 .11        -INF             .              .              .          
5 .12        -INF             .              .              .          
5 .13        -INF             .              .              .          
5 .14        -INF             .              .              .          
5 .15        -INF             .              .              .          
5 .16        -INF             .              .              .          
5 .17        -INF             .              .              .          
5 .18        -INF             .              .              .          
5 .19        -INF             .              .              .          
5 .20        -INF             .              .              .          
5 .21        -INF             .              .              .          
5 .22        -INF             .              .              .          
5 .23        -INF             .              .              .          
5 .24        -INF             .              .              .          
5 .25        -INF             .              .              .          
5 .26        -INF             .              .              .          
5 .27        -INF             .              .              .          
5 .28        -INF             .              .              .          
5 .29        -INF          -94.0000          .              .          
5 .30        -INF             .              .              .          
6 .2         -INF             .              .              .          
6 .3         -INF             .              .              .          
6 .4         -INF             .              .              .          
6 .5         -INF             .              .              .          
6 .6         -INF             .              .              .          
6 .7         -INF             .              .              .          
6 .8         -INF             .              .              .          
6 .9         -INF             .              .              .          
6 .10        -INF             .              .              .          
6 .11        -INF             .              .              .          
6 .12        -INF             .              .              .          
6 .13        -INF             .              .              .          
6 .14        -INF             .              .              .          
6 .15        -INF             .              .              .          
6 .16        -INF             .              .              .          
6 .17        -INF             .              .              .          
6 .18        -INF             .              .              .          
6 .19        -INF             .              .              .          
6 .20        -INF             .              .              .          
6 .21        -INF             .              .              .          
6 .22        -INF             .              .              .          
6 .23        -INF             .              .              .          
6 .24        -INF             .              .              .          
6 .25        -INF             .              .              .          
6 .26        -INF             .              .              .          
6 .27        -INF          -94.5000          .              .          
6 .28        -INF             .              .              .          
6 .29        -INF             .              .              .          
6 .30        -INF             .              .              .          
7 .2         -INF             .              .              .          
7 .3         -INF             .              .              .          
7 .4         -INF             .              .              .          
7 .5         -INF             .              .              .          
7 .6         -INF             .              .              .          
7 .7         -INF             .              .              .          
7 .8         -INF             .              .              .          
7 .9         -INF             .              .              .          
7 .10        -INF             .              .              .          
7 .11        -INF             .              .              .          
7 .12        -INF             .              .              .          
7 .13        -INF             .              .              .          
7 .14        -INF             .              .              .          
7 .15        -INF          -10.5000          .              .          
7 .16        -INF             .              .              .          
7 .17        -INF             .              .              .          
7 .18        -INF             .              .              .          
7 .19        -INF             .              .              .          
7 .20        -INF             .              .              .          
7 .21        -INF             .              .              .          
7 .22        -INF             .              .              .          
7 .23        -INF             .              .              .          
7 .24        -INF             .              .              .          
